Time	[Cyclin]	[Active CDC-2 Kinase]	[Active Cyclin Protease]	[Inactive CDC-2 Kinase]	[Inactive Cyclin Protease]
0	0.01	0.01	0.01	0.99	0.99
10	0.246854	0.00956028	9.67903e-05	0.99044	0.999903
20	0.460537	0.0770011	0.00090059	0.922999	0.999099
30	0.433419	0.667214	0.565558	0.332786	0.434442
40	0.352841	0.0228225	0.000237366	0.977177	0.999763
50	0.553194	0.322966	0.00854387	0.677034	0.991456
60	0.23902	0.00898756	9.08859e-05	0.991012	0.999909
70	0.45351	0.0697806	0.000802793	0.930219	0.999197
80	0.470803	0.697192	0.502585	0.302808	0.497415
90	0.345389	0.0213505	0.00022139	0.97865	0.999779
100	0.54706	0.293683	0.00678773	0.706317	0.993212
110	0.231159	0.00844533	8.5308e-05	0.991555	0.999915
120	0.446453	0.0633969	0.000718962	0.936603	0.999281
130	0.502823	0.708833	0.432031	0.291167	0.567969
140	0.337907	0.0199949	0.000206761	0.980005	0.999793
150	0.540775	0.266344	0.00549534	0.733656	0.994505
160	0.223269	0.00793096	8.00278e-05	0.992069	0.99992
170	0.439362	0.0577466	0.000646733	0.942253	0.999353
180	0.529022	0.705717	0.35948	0.294283	0.64052
190	0.330398	0.0187434	0.000193328	0.981257	0.999807
200	0.534374	0.240971	0.00451661	0.759029	0.995483
210	0.21535	0.00744252	7.50237e-05	0.992557	0.999925
220	0.43224	0.0527406	0.000584229	0.947259	0.999416
230	0.549355	0.690993	0.289399	0.309007	0.710601
240	0.322864	0.0175855	0.000180959	0.982414	0.999819
250	0.52788	0.217562	0.00375791	0.782438	0.996242
260	0.207406	0.00697826	7.02763e-05	0.993022	0.99993
270	0.425091	0.0482984	0.000529897	0.951702	0.99947
280	0.564125	0.66746	0.225164	0.33254	0.774836
290	0.315301	0.0165109	0.00016953	0.983489	0.99983
300	0.521305	0.196073	0.00315805	0.803927	0.996842
310	0.199433	0.00653633	6.57652e-05	0.993464	0.999934
320	0.417912	0.044346	0.000482426	0.955654	0.999518
330	0.573895	0.637571	0.169091	0.362429	0.830909
340	0.307712	0.0155114	0.000158946	0.984489	0.999841
350	0.514663	0.176459	0.00267658	0.823541	0.997323
360	0.191512	0.00612335	0.01472	0.993877	0.98528
370	0.410702	0.0408189	0.000440735	0.959181	0.999559
380	0.579386	0.603428	0.122537	0.396572	0.877463
390	0.300091	0.0145793	0.000149113	0.985421	0.999851
400	0.507957	0.158642	0.00228509	0.841358	0.997715
410	0.190728	0.00611379	0.173889	0.993886	0.826111
420	0.403464	0.0376628	0.000403954	0.962337	0.999596
430	0.581401	0.566786	0.0859495	0.433214	0.91405
440	0.292446	0.0137088	0.000139963	0.986291	0.99986
450	0.501202	0.142552	0.00196383	0.857448	0.998036
460	0.203042	0.0069595	0.341969	0.993041	0.658031
470	0.3962	0.0348306	0.000371363	0.965169	0.999629
480	0.580752	0.529041	0.0588618	0.470959	0.941138
490	0.284775	0.0128941	0.000131429	0.987106	0.999869
500	0.494399	0.128089	0.00169799	0.871911	0.998302
510	0.228661	0.13397	0.494813	0.86603	0.505187
520	0.38891	0.0322796	0.000342337	0.96772	0.999658
530	0.578179	0.491221	0.0399732	0.508779	0.960027
540	0.277079	0.0121301	0.00012345	0.98787	0.999877
550	0.487554	0.115144	0.00147647	0.884856	0.998524
560	0.264831	0.301452	0.591446	0.698548	0.408554
570	0.381591	0.0299747	0.000316375	0.970025	0.999684
580	0.574289	0.454061	0.0274528	0.545939	0.972547
590	0.269354	0.0114121	0.000115974	0.988588	0.999884
600	0.480666	0.103599	0.00129078	0.896401	0.998709
610	0.307252	0.439782	0.635738	0.560218	0.364262
620	0.374245	0.0278844	0.000293043	0.972116	0.999707
630	0.569531	0.418057	0.0193785	0.581943	0.980622
640	0.261601	0.0107362	0.000108956	0.989264	0.999891
650	0.473741	0.0933363	0.00113433	0.906664	0.998866
660	0.352112	0.545799	0.638337	0.454201	0.361663
670	0.366871	0.0259827	0.00027199	0.974017	0.999728
680	0.564207	0.383536	0.0141611	0.616464	0.985839
690	0.25382	0.0100989	0.000102356	0.989901	0.999898
700	0.466778	0.0842353	0.0010019	0.915765	0.998998
710	0.396354	0.621715	0.60973	0.378285	0.39027
720	0.35947	0.0242472	0.00025292	0.975753	0.999747
730	0.558506	0.350716	0.0107035	0.649284	0.989297
740	0.246008	0.00949683	9.61355e-05	0.990503	0.999904
750	0.459779	0.0761771	0.000889265	0.923823	0.999111
760	0.437693	0.671457	0.559314	0.328543	0.440686
770	0.352039	0.0226578	0.000235573	0.977342	0.999764
780	0.552541	0.319716	0.00832575	0.680284	0.991674
790	0.238173	0.00892767	9.02692e-05	0.991072	0.99991
800	0.452751	0.0690539	0.000793127	0.930946	0.999207
810	0.474526	0.699261	0.495232	0.300739	0.504768
820	0.344584	0.0211991	0.000219752	0.978801	0.99978
830	0.546389	0.290644	0.00662951	0.709356	0.99337
840	0.23031	0.00838854	8.47245e-05	0.991611	0.999915
850	0.445689	0.0627538	0.000710648	0.937246	0.999289
860	0.505932	0.709146	0.424212	0.290854	0.575788
870	0.337101	0.0198556	0.000205262	0.980144	0.999795
880	0.540092	0.263522	0.00537711	0.736478	0.994623
890	0.222419	0.00787722	7.94768e-05	0.992123	0.999921
900	0.438597	0.057179	0.000639576	0.942821	0.99936
910	0.531486	0.704638	0.351757	0.295362	0.648243
920	0.32959	0.0186148	0.000191951	0.981385	0.999808
930	0.533681	0.238364	0.0044259	0.761636	0.995574
940	0.214499	0.00739155	7.45021e-05	0.992608	0.999925
950	0.431474	0.0522381	0.00057803	0.947762	0.999422
960	0.551199	0.688842	0.282173	0.311158	0.717827
970	0.322054	0.0174663	0.000179688	0.982534	0.99982
980	0.527178	0.215165	0.00368677	0.784835	0.996313
990	0.206552	0.00692986	6.97818e-05	0.99307	0.99993
1000	0.424323	0.0478526	0.000524502	0.952147	0.999475
